// radius data
max: 368.8508395552635
min: 41.96689683198929

// z data
max: +18
min: -18